Chengdu:
0.0   1.320154157050351   3.4946378425981806   4.203311286597353   1.9095513613155521   4.423895773996269   5.304194563424059   5.920763953997554   2.3847944751874324   4.019958997797939   7.389167906526598   5.817522153476603   7.516798456203884   4.233583796081716   7.139384836424849   4.676806670662059   6.676327007073351   9.37511565272557   6.301187457721093   9.283147751545275   7.909574775312276   11.565142761109701   7.777271730422168   9.143124007495894   13.59304403102244   9.869401014952933   11.969755030505446   12.360605103187847   8.490281324350647   11.679273731029168   8.494599064859516   

1.320154157050351   0.0   2.487178580134425   3.1134579460473093   2.487178580135642   3.9847064851595264   3.984706485158767   4.974357126991329   3.2246528726922854   4.072627934803109   6.338110818739596   5.867766322445749   6.808381394179297   4.974357126993763   5.867766322443686   5.928746444435445   7.4615356073004815   8.05613320713495   6.808917005665211   8.084058814355233   8.057943694117514   10.423140602244642   8.08405881435748   9.94871398777825   12.565026710834921   9.78842800882505   10.679635293501233   12.03983725459613   9.791780487797071   11.793649878217854   9.451568764787613   

3.4946378425981806   2.487178580134425   0.0   3.984706485158767   4.974357126993763   5.867766322445749   3.1134579460473093   2.487178580133208   4.072627934803109   3.2246528726922854   6.808381394178853   8.084058814356355   8.056133207136453   7.461535607299266   3.9847064851580076   8.12955063198006   9.948713987777035   6.808381394178409   6.338110818739596   5.867766322444717   6.8089170056647665   8.08405881435748   10.423140602244642   12.435892235149486   12.808540740859906   11.793649878216828   9.77306332068233   13.719401530566016   11.798596304957927   13.954635202300635   9.773619752346384   

4.203311286597353   3.1134579460473093   3.984706485158767   0.0   3.9847064851595264   2.4864580269003254   2.486458026899109   5.867766322443686   6.338110818739596   6.808653976443118   3.2246528726922854   4.972916020477886   4.071732157726654   5.867766322445749   4.972916020475453   8.057054629380945   8.08405881435748   5.926284862993306   9.77343656057153   7.459373947411125   10.681001457573796   9.945831774383329   7.459373947413558   10.423140602245804   9.451568764787613   8.125511288153302   8.055242974425306   9.78677942001135   12.04256371884662   10.454101843578284   12.565026710834921   

1.9095513613155521   2.487178580135642   4.974357126993763   3.9847064851595264   0.0   3.1134579460473093   5.867766322445749   7.461535607298048   4.072627934803853   5.928746444435445   6.808381394179297   3.984706485158767   6.338110818739596   2.487178580134425   8.084058814355233   4.072627934803109   4.974357126993763   9.788428008823196   8.057943694119016   10.42314060224348   9.791780487795215   12.817965462457135   5.867766322445749   7.4615356073004815   12.808540740860142   8.056133207136453   12.039837254594623   10.679635293502365   8.057943694119016   9.78842800882505   9.773619752346693   

4.423895773996269   3.9847064851595264   5.867766322445749   2.4864580269003254   3.1134579460473093   0.0   4.972916020477886   8.084058814355233   6.808653976443562   8.057054629380945   4.071732157726654   2.486458026899109   3.2246528726922854   3.984706485158767   7.459373947411125   6.808653976443118   5.867766322445749   8.125511288151069   10.68100145757493   9.945831774382112   12.042563718845111   12.43228946806803   4.972916020477886   8.08405881435748   9.772879820983107   5.926284862995346   9.786779420009495   8.055242974426807   10.68100145757493   8.125511288153302   12.808965423304047   

5.304194563424059   3.984706485158767   3.1134579460473093   2.486458026899109   5.867766322445749   4.972916020477886   0.0   3.9847064851580076   6.808653976443118   6.338110818739596   4.071732157725911   7.459373947412343   5.926284862995346   8.084058814356355   2.486458026897892   9.79013425582805   10.423140602244642   4.071732157725168   9.451568764786906   4.972916020476669   9.77343656057122   7.459373947413558   9.945831774383329   12.817965462457135   9.772879820982798   10.454101843577128   6.8081180578897555   11.791217322567205   13.723655012656641   12.841876223596776   12.808965423303812   

5.920763953997554   4.974357126991329   2.487178580133208   5.867766322443686   7.461535607298048   8.084058814355233   3.9847064851580076   0.0   5.9287464444334015   4.072627934802366   8.05613320713495   10.423140602242318   9.788428008823196   9.9487139877746   3.1134579460473093   10.459683258470097   12.435892235147053   6.338110818739596   6.8089170056647665   3.9847064851595264   6.338110818739596   5.867766322447811   12.817965462454772   14.923070316137789   13.512778196111423   13.95463520229847   9.451568764786906   15.615617163604304   13.961166971324184   16.209204744190163   10.681671946692834   

2.3847944751874324   3.2246528726922854   4.072627934803109   6.338110818739596   4.072627934803853   6.808653976443562   6.808653976443118   5.9287464444334015   0.0   2.4879242412239733   9.562763691431881   8.057054629380945   9.880825505824772   5.928746444435445   8.057054629379442   4.97584844921973   8.129550631981177   10.778845119977175   3.985621323125993   9.790134255827123   5.870251089134692   11.796167413810315   9.790134255828978   10.459683258473571   15.789679583527207   12.128677452890438   13.616771716424045   14.708120782508786   8.088116650044899   13.798356964787553   6.226915892095326   

4.019958997797939   4.072627934803109   3.2246528726922854   6.808653976443118   5.928746444435445   8.057054629380945   6.338110818739596   4.072627934802366   2.4879242412239733   0.0   9.880825505824465   9.79013425582805   10.778845119978298   8.12955063198006   6.808653976442672   7.463772590755391   10.459683258472415   9.88082550582416   3.1134579460473093   8.057054629380193   3.9856213231252333   9.790134255828978   11.796167413810315   12.848975572208222   15.9842001914279   13.798356964786676   12.917780936717529   16.112296471914277   10.428735540056586   15.686077084987096   6.705805500517338   

7.389167906526598   6.338110818739596   6.808381394178853   3.2246528726922854   6.808381394179297   4.071732157726654   4.071732157725911   8.05613320713495   9.562763691431881   9.880825505824465   0.0   5.926284862995346   2.4857111136167322   8.056133207136453   5.926284862993306   10.778845119978298   9.78842800882505   4.97142219386142   12.917919650676804   8.125511288151069   13.617298082468933   10.454101843577128   8.125511288153302   11.793649878217854   6.226915892095326   7.457133207375385   5.865277796358948   8.079994519925089   14.709217209145054   9.942844120781691   15.789679583527207   

5.817522153476603   5.867766322445749   8.084058814356355   4.972916020477886   3.984706485158767   2.486458026899109   7.459373947412343   10.423140602242318   8.057054629380945   9.79013425582805   5.926284862995346   0.0   4.071732157725911   3.1134579460473093   9.945831774380897   6.338110818739596   3.9847064851595264   10.454101843574813   12.042563718845866   12.432289468065596   13.723655012654877   14.918746995143579   2.4864580269003254   5.86776632244678   10.678963587494314   4.071732157726654   11.791217322565153   6.808118057890644   9.77343656057184   5.926284862996368   13.51438832500019   

7.516798456203884   6.808381394179297   8.056133207136453   4.071732157726654   6.338110818739596   3.2246528726922854   5.926284862995346   9.788428008823196   9.880825505824772   10.778845119978298   2.4857111136167322   4.071732157725911   0.0   6.808381394178853   8.125511288151069   9.880825505824465   8.056133207136453   7.457133207372952   13.617298082469825   10.45410184357597   14.70921720914382   12.841876223596776   5.926284862995346   9.78842800882505   6.704450208067268   4.9714221938638525   8.079994519922844   5.865277796361011   13.617298082469825   7.457133207375385   15.984424397081943   

4.233583796081716   4.974357126993763   7.461535607299266   5.867766322445749   2.487178580134425   3.984706485158767   8.084058814356355   9.9487139877746   5.928746444435445   8.12955063198006   8.056133207136453   3.1134579460473093   6.808381394178853   0.0   10.423140602242318   3.2246528726922854   2.487178580135642   11.793649878214776   9.791780487796142   12.817965462454772   11.798596304955874   15.242281314835381   3.9847064851595264   4.97435712699498   13.512778196112317   6.808381394179297   13.71940153056425   9.773063320682947   6.8089170056656565   8.056133207137202   10.68167194669397   

7.139384836424849   5.867766322443686   3.9847064851580076   4.972916020475453   8.084058814355233   7.459373947411125   2.486458026897892   3.1134579460473093   8.057054629379442   6.808653976442672   5.926284862993306   9.945831774380897   8.125511288151069   10.423140602242318   0.0   11.796167413808261   12.817965462454772   3.2246528726922854   9.77343656057122   2.4864580269003254   9.451568764786906   4.972916020480319   12.432289468065596   15.242281314834193   10.678963587493183   12.84187622359442   6.338110818739596   13.951422889827136   15.62145600680011   15.261079564315262   13.514388324999294   

4.676806670662059   5.928746444435445   8.12955063198006   8.057054629380945   4.072627934803109   6.808653976443118   9.79013425582805   10.459683258470097   4.97584844921973   7.463772590755391   10.778845119978298   6.338110818739596   9.880825505824465   3.2246528726922854   11.796167413808261   0.0   4.072627934803853   13.79835696478492   8.088116650043776   13.957959654115305   10.42873554005426   16.213326059807677   6.808653976443562   5.928746444436467   16.554053239482823   9.880825505824772   16.11229647191277   12.917780936718   3.985621323126753   10.77884511997886   7.9716914598511766   

6.676327007073351   7.4615356073004815   9.948713987777035   8.08405881435748   4.974357126993763   5.867766322445749   10.423140602244642   12.435892235147053   8.129550631981177   10.459683258472415   9.78842800882505   3.9847064851595264   8.056133207136453   2.487178580135642   12.817965462454772   4.072627934803853   0.0   13.95463520229847   11.798596304957927   15.242281314834193   13.961166971324184   17.683963345985504   3.1134579460473093   2.487178580135642   14.61127206131842   6.338110818739596   15.615617163604304   9.451568764786906   6.338110818739596   6.808381394179297   12.043901720952167   

9.37511565272557   8.05613320713495   6.808381394178409   5.926284862993306   9.788428008823196   8.125511288151069   4.071732157725168   6.338110818739596   10.778845119977175   9.88082550582416   4.97142219386142   10.454101843574813   7.457133207372952   11.793649878214776   3.2246528726922854   13.79835696478492   13.95463520229847   0.0   12.917919650676568   4.071732157726654   12.676221637479191   5.926284862997387   12.84187622359442   16.209204744190163   7.96713031498536   12.428554900710665   3.1134579460473093   12.810845059969495   17.75775621864566   14.914265513801109   16.55491917352151   

6.301187457721093   6.808917005665211   6.338110818739596   9.77343656057153   8.057943694119016   10.68100145757493   9.451568764786906   6.8089170056647665   3.985621323125993   3.1134579460473093   12.917919650676804   12.042563718845866   13.617298082469825   9.791780487796142   9.77343656057122   8.088116650043776   11.798596304957927   12.917919650676568   0.0   10.681001457574364   2.4886435850867143   12.04256371884662   13.723655012656641   13.961166971326355   19.065966344702062   16.11407577129237   15.9843123246055   18.661782363095156   9.954574008512413   17.757756218647362   3.9860702745176293   

9.283147751545275   8.084058814355233   5.867766322444717   7.459373947411125   10.42314060224348   9.945831774382112   4.972916020476669   3.9847064851595264   9.790134255827123   8.057054629380193   8.125511288151069   12.432289468065596   10.45410184357597   12.817965462454772   2.4864580269003254   13.957959654115305   15.242281314834193   4.071732157726654   10.681001457574364   0.0   9.77343656057184   2.486458026901542   14.918746995142362   17.683963345984306   12.038496627179027   15.261079564315262   6.808118057890644   16.205222384727122   17.666263910137793   17.698828641664953   14.614622301051714   

7.909574775312276   8.057943694117514   6.8089170056647665   10.681001457573796   9.791780487795215   12.042563718845111   9.77343656057122   6.338110818739596   5.870251089134692   3.9856213231252333   13.617298082468933   13.723655012654877   14.70921720914382   11.798596304955874   9.451568764786906   10.42873554005426   13.961166971324184   12.676221637479191   2.4886435850867143   9.77343656057184   0.0   10.681001457576064   15.62145600680011   16.217302101351773   19.54631589102658   17.75775621864566   15.7896795835265   20.09777209770933   12.44321726175729   19.58020612251251   5.871470297802318   

11.565142761109701   10.423140602244642   8.08405881435748   9.945831774383329   12.817965462457135   12.43228946806803   7.459373947413558   5.867766322447811   11.796167413810315   9.790134255828978   10.454101843577128   14.918746995143579   12.841876223596776   15.242281314835381   4.972916020480319   16.213326059807677   17.683963345985504   5.926284862997387   12.04256371884662   2.486458026901542   10.681001457576064   0.0   17.405204322290714   20.136695213351228   13.717309924122691   17.698828641666147   8.055242974428309   18.518474504168125   19.81261420352037   20.148392940565106   16.02857052804422   

7.777271730422168   8.08405881435748   10.423140602244642   7.459373947413558   5.867766322445749   4.972916020477886   9.945831774383329   12.817965462454772   9.790134255828978   11.796167413810315   8.125511288153302   2.4864580269003254   5.926284862995346   3.9847064851595264   12.432289468065596   6.808653976443562   3.1134579460473093   12.84187622359442   13.723655012656641   14.918746995142362   15.62145600680011   17.405204322290714   0.0   3.9847064851595264   12.038496627180532   3.2246528726922854   13.951422889827136   6.338110818739596   9.451568764786906   4.071732157726654   14.614622301052957   

9.143124007495894   9.94871398777825   12.435892235149486   10.423140602245804   7.4615356073004815   8.08405881435748   12.817965462457135   14.923070316137789   10.459683258473571   12.848975572208222   11.793649878217854   5.86776632244678   9.78842800882505   4.97435712699498   15.242281314834193   5.928746444436467   2.487178580135642   16.209204744190163   13.961166971326355   17.683963345984306   16.217302101351773   20.136695213351228   3.9847064851595264   0.0   16.02313965079946   6.808381394179297   17.658828989006384   9.773063320682947   6.8089170056656565   6.338110818739596   13.725742263074897   

13.59304403102244   12.565026710834921   12.808540740859906   9.451568764787613   12.808540740860142   9.772879820983107   9.772879820982798   13.512778196111423   15.789679583527207   15.9842001914279   6.226915892095326   10.678963587494314   6.704450208067268   13.512778196112317   10.678963587493183   16.554053239482823   14.61127206131842   7.96713031498536   19.065966344702062   12.038496627179027   19.54631589102658   13.717309924122691   12.038496627180532   16.02313965079946   0.0   9.71344527556759   5.864053987094788   8.077995660723497   20.321682613191946   11.729331265173943   22.016595475622534   

9.869401014952933   9.78842800882505   11.793649878216828   8.125511288153302   8.056133207136453   5.926284862995346   10.454101843577128   13.95463520229847   12.128677452890438   13.798356964786676   7.457133207375385   4.071732157726654   4.9714221938638525   6.808381394179297   12.84187622359442   9.880825505824772   6.338110818739596   12.428554900710665   16.11407577129237   15.261079564315262   17.75775621864566   17.698828641666147   3.2246528726922854   6.808381394179297   9.71344527556759   0.0   12.810845059969495   3.1134579460473093   12.676221637479191   2.4857111136167322   17.464379661623067   

11.969755030505446   10.679635293501233   9.77306332068233   8.055242974425306   12.039837254594623   9.786779420009495   6.8081180578897555   9.451568764786906   13.616771716424045   12.917780936717529   5.865277796358948   11.791217322565153   8.079994519922844   13.71940153056425   6.338110818739596   16.11229647191277   15.615617163604304   3.1134579460473093   15.9843123246055   6.808118057890644   15.7896795835265   8.055242974428309   13.951422889827136   17.658828989006384   5.864053987094788   12.810845059969495   0.0   12.42494609033851   20.09777209770933   15.233658711365042   19.546682583317796   

12.360605103187847   12.03983725459613   13.719401530566016   9.78677942001135   10.679635293502365   8.055242974426807   11.791217322567205   15.615617163604304   14.708120782508786   16.112296471914277   8.079994519925089   6.808118057890644   5.865277796361011   9.773063320682947   13.951422889827136   12.917780936718   9.451568764786906   12.810845059969495   18.661782363095156   16.205222384727122   20.09777209770933   18.518474504168125   6.338110818739596   9.773063320682947   8.077995660723497   3.1134579460473093   12.42494609033851   0.0   15.7896795835265   3.9837904408322733   20.322476183041598   

8.490281324350647   9.791780487797071   11.798596304957927   12.04256371884662   8.057943694119016   10.68100145757493   13.723655012656641   13.961166971324184   8.088116650044899   10.428735540056586   14.709217209145054   9.77343656057184   13.617298082469825   6.8089170056656565   15.62145600680011   3.985621323126753   6.338110818739596   17.75775621864566   9.954574008512413   17.666263910137793   12.44321726175729   19.81261420352037   9.451568764786906   6.8089170056656565   20.321682613191946   12.676221637479191   20.09777209770933   15.7896795835265   0.0   12.917919650677039   8.090107605289166   

11.679273731029168   11.793649878217854   13.954635202300635   10.454101843578284   9.78842800882505   8.125511288153302   12.841876223596776   16.209204744190163   13.798356964787553   15.686077084987096   9.942844120781691   5.926284862996368   7.457133207375385   8.056133207137202   15.261079564315262   10.77884511997886   6.808381394179297   14.914265513801109   17.757756218647362   17.698828641664953   19.58020612251251   20.148392940565106   4.071732157726654   6.338110818739596   11.729331265173943   2.4857111136167322   15.233658711365042   3.9837904408322733   12.917919650677039   0.0   18.66331819430836   

8.494599064859516   9.451568764787613   9.773619752346384   12.565026710834921   9.773619752346693   12.808965423304047   12.808965423303812   10.681671946692834   6.226915892095326   6.705805500517338   15.789679583527207   13.51438832500019   15.984424397081943   10.68167194669397   13.514388324999294   7.9716914598511766   12.043901720952167   16.55491917352151   3.9860702745176293   14.614622301051714   5.871470297802318   16.02857052804422   14.614622301052957   13.725742263074897   22.016595475622534   17.464379661623067   19.546682583317796   20.322476183041598   8.090107605289166   18.66331819430836   0.0


Haikou:
0.0   0.997453276300889   2.6985137636147827   1.425426923684995   4.080224706077017   4.205396563727213   7.275652146536944   4.789206198619063   5.093005458243824   6.024869580178071   7.532324065883672   2.7563296986494135   3.206807250456309   16.403913309638877   3.7260189057265922   9.645214740632333   6.408973587364419   19.667192783018482   7.695747808403994   16.13517957189335   11.377410616594284   4.109048572450096   12.884204487445192   10.15675598534968   7.9792404556419285   17.88313352676063   14.478797415586051   14.248356816425805   19.519729435468253   13.929710797448436   5.060467359137832   

0.997453276300889   0.0   1.8805877832437579   1.985064882204726   3.335847799336908   3.8818957296564687   6.560500672028841   3.8295124067988384   5.106270679026943   5.0276256258239505   6.554650478600706   3.3358477993365545   3.8656526595509764   16.555745821731396   3.8293362324868583   8.653415077558341   5.641763327983263   20.118138295668782   6.824815384485858   16.511323636546607   11.552705552597036   5.1057123959921435   13.144405763626072   9.402938807474728   8.32511138093492   18.09875763433032   14.804109922778146   13.680270255288933   19.791056688303094   13.232196270702302   5.746240425721809   

2.6985137636147827   1.8805877832437579   0.0   3.865652659549647   3.8295124067988384   5.106270679025936   6.824815384485858   3.335847799336908   6.644806643794424   3.829512406799491   5.0276256258239505   3.8293362324868583   5.746240425719151   18.09875763432809   3.3358477993365545   7.562533496480895   3.7611755610515103   21.90484730646774   6.560500672028841   18.252720759858327   13.144405763624915   6.643858650863524   14.804109922779334   7.522351078604333   10.076510927476999   19.700623124333525   16.51132363654417   11.865485899499115   21.44075189174625   13.365264665099717   7.6268281752759   

1.425426923684995   1.985064882204726   3.865652659549647   0.0   3.8818957296564687   3.335847799336908   6.854351069459629   5.106270679025936   3.829512406799491   6.644806643794424   8.325111380931268   3.881702085126501   1.8805877832450872   15.01091713980918   5.105712395991137   10.061335854525343   7.626828175273243   18.25272075985957   7.615053540681382   14.710507242696183   9.982341593320108   3.8293362324875106   11.466846390501184   11.388003602791137   6.55465047860414   16.47208386583619   13.053959533801846   15.612735032618488   18.09875763433032   13.380376555506057   3.761175561054168   

4.080224706077017   3.335847799336908   3.8295124067988384   3.8818957296564687   0.0   1.9854432823987096   3.224652872691932   1.8809462676377806   3.866389544154806   3.7618925298541415   5.642838781223673   6.6716955986734625   5.106270679026943   14.806374144620113   6.931675996463959   6.499682687977985   6.554650478600706   19.291620086199273   3.733228636683303   15.492764718178664   10.041934457791653   7.7106932720915555   11.838848473181688   9.977975588013601   7.628282028805282   16.513969981164824   13.658456611262725   14.851498710669839   18.353318773020213   9.896348471365394   6.644806643796724   

4.205396563727213   3.8818957296564687   5.106270679025936   3.335847799336908   1.9854432823987096   0.0   3.7869640303411574   3.8663895441534772   1.8809462676391098   5.747335794762808   7.628282028801293   6.960747391223638   3.829512406799491   13.055816488751583   7.710693272090888   8.282498469993191   8.325111380931268   17.337107526583594   5.034888788513312   13.556926771127172   8.186338852301706   6.931675996464318   9.943019245770685   11.86757068068183   5.64283878122766   14.712750129616358   11.73832775265722   16.648889255062144   16.513969981164824   10.093657521144102   5.027625625825939   

7.275652146536944   6.560500672028841   6.824815384485858   6.854351069459629   3.224652872691932   3.7869640303411574   0.0   3.733228636683303   5.034888788514333   4.95508079915835   6.499682687977985   9.896348471365394   7.615053540682056   13.687542429925228   10.073478765782934   5.64387691550089   8.653415077558341   19.021954680232298   1.8812923123780694   15.15485427465012   9.510977689552256   10.62467571691672   11.392269919140698   11.466846390497913   8.282498469996867   15.519057296504302   13.273562115974   16.553719614890507   17.463849381872123   6.6716955986734625   8.721916304825532   

4.789206198619063   3.8295124067988384   3.335847799336908   5.106270679025936   1.8809462676377806   3.8663895441534772   3.733228636683303   0.0   5.747335794762808   1.8809462676391098   3.7618925298541415   6.931675996463959   6.644806643794424   16.51396998116238   6.6716955986734625   4.95508079915835   5.0276256258239505   21.148611186222876   3.224652872691932   17.337107526582287   11.838848473180411   8.80515740759322   13.658456611264016   8.229485734791375   9.509228240851495   18.255745852960295   15.492764718176067   13.198413982288928   20.121560021782123   10.073612462147592   8.325111380933702   

5.093005458243824   5.106270679026943   6.644806643794424   3.829512406799491   3.866389544154806   1.8809462676391098   5.034888788514333   5.747335794762808   0.0   7.628282028802623   9.509228240848836   7.7106932720915555   3.335847799336908   11.46831443831743   8.80515740759322   10.041934457789136   10.07651092747449   15.492764718178664   6.5906246513447195   11.738327752658497   6.499682687980294   6.6716955986734625   8.186338852301706   13.682724992466579   3.7618925298568002   13.05581648875273   9.94301924576817   18.387326814179563   14.806374144621307   10.625211308536027   3.829512406800144   

6.024869580178071   5.0276256258239505   3.829512406799491   6.644806643794424   3.7618925298541415   5.747335794762808   4.95508079915835   1.8809462676391098   7.628282028802623   0.0   1.8809462676377806   7.658848605035243   8.325111380932487   18.255745852959055   6.931675996464318   3.733228636683303   3.8295124067988384   23.009522364441636   3.733228636683973   19.188591731309646   13.658456611264016   10.133115154978118   15.492764718178664   6.554650478600706   11.390174425484005   20.022783796000354   17.337107526580983   11.614752160939425   21.90864228557513   10.587612238338439   10.076510927476999   

7.532324065883672   6.554650478600706   5.0276256258239505   8.325111380931268   5.642838781223673   7.628282028801293   6.499682687977985   3.7618925298541415   9.509228240848836   1.8809462676377806   0.0   8.73733434997919   10.07651092747449   20.022783795997842   7.658848605035243   3.224652872691932   3.335847799336908   24.873473774383385   4.95508079915835   21.045332583776975   15.492764718177366   11.614752160939425   17.337107526582287   5.0276256258239505   13.271120577277394   21.808944189056824   19.188591731307024   10.133115154978118   23.710305699876262   11.392862132070752   11.867570680684382   

2.7563296986494135   3.3358477993365545   3.8293362324868583   3.881702085126501   6.6716955986734625   6.960747391223638   9.896348471365394   6.931675996463959   7.7106932720915555   7.658848605035243   8.73733434997919   0.0   5.1057123959921435   18.740663088151802   1.880228783275927   11.39179815584216   6.55372407601368   21.43753871984808   10.073478765782934   18.09634153503282   13.72389551340722   3.8649147151565266   15.088015440963453   9.976285106201324   10.13311515498012   20.11652480826394   16.553719614891573   13.266058324825412   21.651402888888583   16.568044070038855   6.643858650865822   

3.206807250456309   3.8656526595509764   5.746240425719151   1.8805877832450872   5.106270679026943   3.829512406799491   7.615053540682056   6.644806643794424   3.335847799336908   8.325111380932487   10.07651092747449   5.1057123959921435   0.0   13.652946071786534   6.643858650863524   11.552705552594846   9.507415902777238   16.511323636546607   8.721916304823779   13.053959533802995   8.653415077560075   3.3358477993365545   9.982341593320108   13.268591269880243   5.027625625825939   15.01091713981018   11.466846390499004   17.454344801275855   16.55574582173246   13.785701813037846   1.8805877832464164   

16.403913309638877   16.555745821731396   18.09875763432809   15.01091713980918   14.806374144620113   13.055816488751583   13.687542429925228   16.51396998116238   11.46831443831743   18.255745852959055   20.022783795997842   18.740663088151802   13.652946071786534   0.0   20.11652480826194   19.211074268722015   21.348098036099028   6.646667187224958   15.519057296501705   3.8298582183354726   5.028679173350303   16.233896073487866   3.829858218333513   24.74320931446669   8.654115418221224   1.8816497825263547   3.3358477993372615   29.6576576348128   3.86783565811995   13.689986780105933   12.432033482661778   

3.7260189057265922   3.8293362324868583   3.3358477993365545   5.105712395991137   6.931675996463959   7.710693272090888   10.073478765782934   6.6716955986734625   8.80515740759322   6.931675996464318   7.658848605035243   1.880228783275927   6.643858650863524   20.11652480826194   0.0   10.58710340639912   5.027088845822047   23.122210040416693   9.896348471365394   19.697818176680602   15.08801544096245   5.745143481311027   16.55371961489264   8.228173963820746   11.6147521609416   21.568786575537793   18.096341535030597   11.385829658017308   23.168733253663454   16.674492242107284   8.32377840734645   

9.645214740632333   8.653415077558341   7.562533496480895   10.061335854525343   6.499682687977985   8.282498469993191   5.64387691550089   4.95508079915835   10.041934457789136   3.733228636683303   3.224652872691932   11.39179815584216   11.552705552594846   19.211074268722015   10.58710340639912   0.0   6.560500672028841   24.665830520208644   3.762584619348807   20.798730467617915   15.154854274648791   13.723895513405376   17.036146389753732   7.562533496480895   13.658456611264016   21.06649678212126   18.91743845587746   12.494675981829738   23.02958418557619   8.739391912140379   13.144405763624915   

6.408973587364419   5.641763327983263   3.7611755610515103   7.626828175273243   6.554650478600706   8.325111380931268   8.653415077558341   5.0276256258239505   10.07651092747449   3.8295124067988384   3.335847799336908   6.55372407601368   9.507415902777238   21.348098036099028   5.027088845822047   6.560500672028841   0.0   25.518926884184665   7.562533496480895   21.805169889754225   16.511323636545388   10.074799570469485   18.252720759858327   3.7611755610515103   13.68272499246916   23.031396873469472   20.01938287328813   8.323778407345234   24.839028082964475   14.385567444427833   11.388003602793795   

19.667192783018482   20.118138295668782   21.90484730646774   18.25272075985957   19.291620086199273   17.337107526583594   19.021954680232298   21.148611186222876   15.492764718178664   23.009522364441636   24.873473774383385   21.43753871984808   16.511323636546607   6.646667187224958   23.122210040416693   24.665830520208644   25.518926884184665   0.0   20.903246688789995   3.8671008583587447   9.510977689550925   18.09634153503282   7.629685432618671   29.170402511812934   11.83884847317913   5.107366426768592   5.748393153753937   33.76904936564117   3.829858218334819   20.161442302901488   14.804109922778146   

7.695747808403994   6.824815384485858   6.560500672028841   7.615053540681382   3.733228636683303   5.034888788513312   1.8812923123780694   3.224652872691932   6.5906246513447195   3.733228636683973   4.95508079915835   10.073478765782934   8.721916304823779   15.519057296501705   9.896348471365394   3.762584619348807   7.562533496480895   20.903246688789995   0.0   17.036146389753732   11.39226991913937   11.443909725394985   13.27356211597533   9.982341593318104   10.041934457791653   17.361259320677664   15.154854274647462   15.088015440961447   19.314021081095394   6.931964195974374   10.06133585452736   

16.13517957189335   16.511323636546607   18.252720759858327   14.710507242696183   15.492764718178664   13.556926771127172   15.15485427465012   17.337107526582287   11.738327752658497   19.188591731309646   21.045332583776975   18.09634153503282   13.053959533802995   3.8298582183354726   19.697818176680602   20.798730467617915   21.805169889754225   3.8671008583587447   17.036146389753732   0.0   5.64387691550222   15.00930106249987   3.762584619348807   25.41795665257676   8.186338852299263   3.3358477993372615   1.8812923123807288   30.094117158261312   3.882275831196931   16.561050382216905   11.466846390499004   

11.377410616594284   11.552705552597036   13.144405763624915   9.982341593320108   10.041934457791653   8.186338852301706   9.510977689552256   11.838848473180411   6.499682687980294   13.658456611264016   15.492764718177366   13.72389551340722   8.653415077560075   5.028679173350303   15.08801544096245   15.154854274648791   16.511323636545388   9.510977689550925   11.39226991913937   5.64387691550222   0.0   11.391798155843478   1.881292312379399   20.019382873289388   3.733228636683303   6.5564686521220255   3.7625846193474772   24.835048734676732   8.327727424874809   11.619147437942654   7.562533496480895   

4.109048572450096   5.1057123959921435   6.643858650863524   3.8293362324875106   7.7106932720915555   6.931675996464318   10.62467571691672   8.80515740759322   6.6716955986734625   10.133115154978118   11.614752160939425   3.8649147151565266   3.3358477993365545   16.233896073487866   5.745143481311027   13.723895513405376   10.074799570469485   18.09634153503282   11.443909725394985   15.00930106249987   11.391798155843478   0.0   12.431166248484736   13.680270255288933   7.658848605036548   17.39128115904349   13.651712181032215   17.130972679774505   18.740663088152743   17.01328280933171   3.8293362324881635   

12.884204487445192   13.144405763626072   14.804109922779334   11.466846390501184   11.838848473181688   9.943019245770685   11.392269919140698   13.658456611264016   8.186338852301706   15.492764718178664   17.337107526582287   15.088015440963453   9.982341593320108   3.829858218333513   16.55371961489264   17.036146389753732   18.252720759858327   7.629685432618671   13.27356211597533   3.762584619348807   1.881292312379399   12.431166248484736   0.0   21.805169889754225   4.95508079915835   5.028679173351298   1.8812923123767402   26.570608026882454   6.646667187222658   13.203963248620504   8.653415077559208   

10.15675598534968   9.402938807474728   7.522351078604333   11.388003602791137   9.977975588013601   11.86757068068183   11.466846390497913   8.229485734791375   13.682724992466579   6.554650478600706   5.0276256258239505   9.976285106201324   13.268591269880243   24.74320931446669   8.228173963820746   7.562533496480895   3.7611755610515103   29.170402511812934   9.982341593318104   25.41795665257676   20.019382873289388   13.680270255288933   21.805169889754225   0.0   17.355002841238683   26.478005675016497   23.605741762480328   5.1057123959921435   28.329448259185614   16.23493306594894   15.14917889860721   

7.9792404556419285   8.32511138093492   10.076510927476999   6.55465047860414   7.628282028805282   5.64283878122766   8.282498469996867   9.509228240851495   3.7618925298568002   11.390174425484005   13.271120577277394   10.13311515498012   5.027625625825939   8.654115418221224   11.6147521609416   13.658456611264016   13.68272499246916   11.83884847317913   10.041934457791653   8.186338852299263   3.733228636683303   7.658848605036548   4.95508079915835   17.355002841238683   0.0   9.983420878069412   6.49968268797683   21.93467538029937   11.554195249993018   12.49644872941494   3.829512406799491   

17.88313352676063   18.09875763433032   19.700623124333525   16.47208386583619   16.513969981164824   14.712750129616358   15.519057296504302   18.255745852960295   13.05581648875273   20.022783796000354   21.808944189056824   20.11652480826394   15.01091713981018   1.8816497825263547   21.568786575537793   21.06649678212126   23.031396873469472   5.107366426768592   17.361259320677664   3.3358477993372615   6.5564686521220255   17.39128115904349   5.028679173351298   26.478005675016497   9.983420878069412   0.0   3.8298582183354726   31.352239566291036   1.986185881445528   15.521867589660166   13.652946071786534   

14.478797415586051   14.804109922778146   16.51132363654417   13.053959533801846   13.658456611262725   11.73832775265722   13.273562115974   15.492764718176067   9.94301924576817   17.337107526580983   19.188591731307024   16.553719614891573   11.466846390499004   3.3358477993372615   18.096341535030597   18.91743845587746   20.01938287328813   5.748393153753937   15.154854274647462   1.8812923123807288   3.7625846193474772   13.651712181032215   1.8812923123767402   23.605741762480328   6.49968268797683   3.8298582183354726   0.0   28.32471168283879   5.107366426769599   14.858193469402336   9.9823415933171   

14.248356816425805   13.680270255288933   11.865485899499115   15.612735032618488   14.851498710669839   16.648889255062144   16.553719614890507   13.198413982288928   18.387326814179563   11.614752160939425   10.133115154978118   13.266058324825412   17.454344801275855   29.6576576348128   11.385829658017308   12.494675981829738   8.323778407345234   33.76904936564117   15.088015440961447   30.094117158261312   24.835048734676732   17.130972679774505   26.570608026882454   5.1057123959921435   21.93467538029937   31.352239566291036   28.32471168283879   0.0   33.16276995871349   21.22863636209067   19.303436926298474   

19.519729435468253   19.791056688303094   21.44075189174625   18.09875763433032   18.353318773020213   16.513969981164824   17.463849381872123   20.121560021782123   14.806374144621307   21.90864228557513   23.710305699876262   21.651402888888583   16.55574582173246   3.86783565811995   23.168733253663454   23.02958418557619   24.839028082964475   3.829858218334819   19.314021081095394   3.882275831196931   8.327727424874809   18.740663088152743   6.646667187222658   28.329448259185614   11.554195249993018   1.986185881445528   5.107366426769599   33.16276995871349   0.0   17.467044068955985   15.08965299553209   

13.929710797448436   13.232196270702302   13.365264665099717   13.380376555506057   9.896348471365394   10.093657521144102   6.6716955986734625   10.073612462147592   10.625211308536027   10.587612238338439   11.392862132070752   16.568044070038855   13.785701813037846   13.689986780105933   16.674492242107284   8.739391912140379   14.385567444427833   20.161442302901488   6.931964195974374   16.561050382216905   11.619147437942654   17.01328280933171   13.203963248620504   16.23493306594894   12.49644872941494   15.521867589660166   14.858193469402336   21.22863636209067   17.467044068955985   0.0   14.426892765265205   

5.060467359137832   5.746240425721809   7.6268281752759   3.761175561054168   6.644806643796724   5.027625625825939   8.721916304825532   8.325111380933702   3.829512406800144   10.076510927476999   11.867570680684382   6.643858650865822   1.8805877832464164   12.432033482661778   8.32377840734645   13.144405763624915   11.388003602793795   14.804109922778146   10.06133585452736   11.466846390499004   7.562533496480895   3.8293362324881635   8.653415077559208   15.14917889860721   3.829512406799491   13.652946071786534   9.9823415933171   19.303436926298474   15.08965299553209   14.426892765265205   0.0